80.91460686922073
140.84857040643692
92.16493612527847
88.48355013132095
165.72648459672928
187.52719551324844
63.60752433538437
122.67172706127167
56.87266933917999
151.63783395290375
36.98253817856312
65.61114954948425
42.59424152970314
65.21073234081268
144.904427587986
59.38160818815231
125.5481784939766
72.86793863773346
87.6026012301445
26.624662801623344
75.36255931854248
82.67484909296036
130.9379922747612
54.903255105018616
104.2520180940628
124.152448117733
71.42444223165512
99.54594534635544
165.54415106773376
122.75063866376877
129.42121064662933
59.722230553627014
109.88244694471359
132.95836728811264
47.95967756211758
110.03482484817505
165.4008400440216
80.14641839265823
108.96374309062958
56.30388754606247
101.36884087324142
111.5198529958725
177.06124836206436
74.26086229085922
71.07470124959946
135.03478622436523
72.63853752613068
122.10398000478745
122.49379116296768
58.871599435806274
130.37649244070053
93.41617846488953
148.5379182100296
91.34807622432709
136.39952623844147
52.01801811158657
106.88954883813858
78.73555499315262
97.77327334880829
127.94874161481857
108.85937696695328
50.89861738681793
73.53511095046997
120.76327174901962
127.78361058235168
89.70778584480286
93.7449272274971
105.51293522119522
72.86250627040863
93.15717095136642
40.999825552105904
109.77351504564285
134.32978135347366
39.9204076975584
61.37623119354248
97.65748631954193
43.01474232971668
112.32076501846313
103.09018993377686
146.38384228944778
158.87037140130997
110.6779265999794
137.8738060593605
40.330357417464256
76.7498824596405
65.69743365049362
89.17315036058426
130.9107010960579
21.86715394258499
154.7107172012329
68.32519906759262
61.01959627866745
802124
