39.03508296608925
40.57939985394478
33.28420326113701
39.31987127661705
63.733882784843445
14.83724045753479
49.035117626190186
37.86365678906441
9.424326181411743
69.98536723852158
36.75378242135048
22.872634440660477
52.37834417819977
24.579509288072586
50.02386271953583
50.40919071435928
3.385716989636421
45.88043010234833
19.82260885834694
41.37116613984108
46.320063412189484
28.243075907230377
15.265523999929428
10.183367304503918
10.575178362429142
9.048753969371319
6.685976468026638
34.720045119524
40.335904628038406
24.6978180706501
8.961568228900433
9.516481004655361
12.271072953939438
3.2160111851990223
8.922225080430508
10.017615273594856
5.513334970921278
2.356912098824978
3.931093994528055
3.933936182409525
4.853091064840555
7.195899687707424
8.122801430523396
7.046640075743198
7.046315990388393
7.791362456977367
8.490014545619488
6.671938419342041
6.072477467358112
7.958237938582897
7.966836370527744
6.683897711336613
6.584041453897953
8.883216187357903
7.476074866950512
3.996129721403122
5.693475916981697
5.755523346364498
6.084091655910015
6.653719127178192
6.058681465685368
6.675895921885967
6.086152106523514
7.604129262268543
5.760161563754082
4.82746696472168
3.5001462399959564
1.2881138548254967
4.697081934660673
5.490874771028757
2.3653945922851562
5.669988881796598
7.042839191854
7.797040052711964
7.4549862667918205
2.5799455381929874
4.659270733594894
7.606235139071941
7.3652336075901985
6.66735715419054
5.706762060523033
8.382884673774242
8.672539010643959
8.377481669187546
8.699120789766312
7.042169325053692
7.368926011025906
10.15923447161913
11.04673882573843
8.483364693820477
6.7433199137449265
6.660819850862026
5.663558702915907
7.792785584926605
8.122032575309277
7.796453580260277
6.8611168041825294
5.325411230325699
6.856625035405159
4.622877575457096
7.568915829062462
7.354470312595367
5.5093662813305855
1.1949545703828335
2.415479000657797
3.9355749152600765
3.946868747472763
6.582037955522537
7.438133150339127
3.9415213391184807
2.59166956320405
1.2120497338473797
1.3271858021616936
3.175599165260792
7.17856315523386
6.828092642128468
1.2482001669704914
5.887309469282627
8.01800524443388
5.665211673825979
4.364639177918434
1.1953423880040646
1.1655553504824638
2.3367130383849144
2.5833860635757446
3.954647473990917
4.351273030042648
3.2204066775739193
3.4514595344662666
2.298800814896822
2.501418571919203
2.242548953741789
2.5541421063244343
1.2415920123457909
1.1733483150601387
1.256659608334303
1.030774150043726
1.407565750181675
1.0262288190424442
2.2272430397570133
3.918237365782261
2.590447124093771
1.0987917333841324
1.0865412391722202
1.3234852626919746
1.2088207453489304
1.37267741933465
1.2248148322105408
1.340943157672882
1.359725870192051
2.2377931028604507
2.568215750157833
1.2632430158555508
1.154976811259985
2.2395338751375675
2.6422811187803745
1.1739551275968552
1.1651163436472416
2.2842532470822334
2.5285281762480736
1.3022237718105316
3.197685446590185
3.3347894847393036
1.0993093885481358
1.200698610395193
4.006791315972805
4.348018955439329
1.3629687577486038
1.3221858702600002
1.2078864574432373
1.2281716242432594
1.1140373051166534
1.1210464984178543
1.1157407872378826
2.344393115490675
3.936687856912613
4.8853768818080425
3.4480617232620716
3.256404899060726
3.3197296857833862
1.119700662791729
1.200423002243042
1.3412974141538143
1.209561463445425
1.1002263873815536
1.1313907876610756
1.3497205823659897
2.318067282438278
3.915142621845007
2.6139334812760353
1.1962949819862843
1.3019146025180817
1.3186700865626335
2.328598700463772
2.6184713542461395
1.2331712171435356
1.0871504247188568
1.2990415655076504
1.1878518126904964
1.22468838468194
1.4060232937335968
1.2815365493297577
1.2333441078662872
1.3245680332183838
1.2568216510117054
1.2173723950982094
1.1628291010856628
1.0969211235642433
2.298303160816431
2.549059797078371
3.9113478399813175
5.726177349686623
2.4697765186429024
1.1017701998353004
1.1743683703243732
1.312343642115593
1.1932636313140392
1.195383746176958
1.1140040829777718
1.2141464576125145
1.1694884449243546
1.3154770322144032
5.31459878012538
7.438268072903156
2.574733730405569
2.3166553415358067
3.882539838552475
3.8804163336753845
5.642931144684553
4.328225001692772
2.3218220621347427
5.70063291490078
4.409797217696905
2.35721143707633
2.482227362692356
2.1723851524293423
2.5267446897923946
2.3128246255218983
3.832759514451027
2.54190856218338
1.2170889899134636
2.292466912418604
2.5659695267677307
1.2572220116853714
1.1683405861258507
1.3093817867338657
2.352868489921093
2.5746408440172672
1.0705322362482548
1.2546357698738575
1.3815555274486542
1.1270275004208088
1.2821236997842789
1.1804192066192627
1.1152278780937195
1.2135074399411678
1.1659807972609997
2.2368818670511246
3.92197248339653
2.5736092627048492
1.3290547169744968
1.2041879519820213
1.1447213403880596
1.2790852300822735
1.114678356796503
1.3056765012443066
1.173268649727106
1.2322732023894787
1.2378338426351547
1.2953725531697273
2.338387705385685
2.4730919525027275
3.8431258387863636
5.74120731651783
2.5228149853646755
1.1527987271547318
2.3861547000706196
3.8496668711304665
3.8311892598867416
2.5260500758886337
1.193930447101593
1.3333935961127281
1.1573901623487473
1.021008875221014
1.0897122584283352
2.3151169531047344
2.420292142778635
1.00976487621665
1.0381409898400307
1.0064402893185616
1.1785502918064594
1.28894067928195
2.304001774638891
2.528022725135088
1.722727231681347
1.1397342905402184
1.1025376990437508
1.466533351689577
1.3617931008338928
1.73234436288476
1.198423571884632
0.48742471262812614
0.9376860558986664
1.189028486609459
1.2248799204826355
1.2209868282079697
1.4210607185959816
1.2057914286851883
0.8219313099980354
0.7291547581553459
1.0270220823585987
1.1441179178655148
1.2669496573507786
1.0977882891893387
1.5079871229827404
1.2060148306190968
0.9544120468199253
0.9076444283127785
1.4281231351196766
2.2500490210950375
2.530178774148226
1.1869287118315697
1.234877072274685
4.025137394666672
4.215366344898939
1.0007538795471191
1.7382372245192528
2.186530325561762
2.4319693855941296
1.0276905931532383
0.990392979234457
0.8226208388805389
2.109354618936777
2.536896426230669
1.0100262463092804
0.7600994855165482
1.1520681791007519
1.3164855614304543
1.3502772226929665
1.0026316083967686
1.0071735493838787
1.15394726395607
1.3238018900156021
1.505715474486351
1.0501914732158184
1.0500816367566586
2.2470278404653072
2.287906665354967
0.9122823067009449
0.9840875528752804
1.1301086843013763
0.7829637750983238
1.16282944008708
0.9591895937919617
1.4351119883358479
1.058058001101017
1.4435436315834522
0.9032306298613548
1.0810599252581596
0.6976432204246521
0.6645648181438446
0.7415218688547611
0.9690453819930553
1.2046167887747288
1.2776943072676659
2.550213757902384
2.418263219296932
0.963685430586338
0.6516176760196686
0.5060162283480167
1.134505532681942
1.5091129466891289
1.207834929227829
1.0746700875461102
1.3367293700575829
1.1587159968912601
0.8367836400866508
0.8405828289687634
0.9387535713613033
1.106287393718958
1.001835972070694
1.6665516458451748
1.1061019599437714
0.8919625617563725
1.0981866158545017
1.2354689687490463
1.1662191152572632
1.0070881210267544
1.1519339345395565
1.4603303037583828
1.30275634303689
0.9434460289776325
1.238889493048191
1.089512925595045
0.7322610281407833
0.8305575400590897
0.8223926909267902
1.7401108853518963
1.4160468876361847
0.5802558436989784
0.7850933820009232
1.0662648864090443
1.1714112609624863
2.2211952544748783
2.8387202359735966
1.6392691507935524
0.43914175778627396
1.6862472891807556
0.31914983317255974
0.172707661986351
0.5147953480482101
0.9097381010651588
1.0572816878557205
1.130512773990631
1.3208217285573483
1.2744249776005745
0.9680493958294392
0.5006389878690243
0.6610815785825253
1.0373670496046543
